 id | id_palestra | id_participante 
----+-------------+-----------------
 20 |          15 |              12
 21 |          15 |              27
 22 |          15 |              17
 23 |          10 |              17
 25 |          16 |              17
 26 |          18 |              17
 27 |          10 |              12
 31 |          16 |              12
 32 |          10 |              10
 33 |          15 |              10
 34 |          18 |              10
 35 |          15 |               8
 37 |          18 |               8
 38 |          18 |               6
 39 |          16 |               6
 40 |          15 |               6
 42 |          10 |               8
 44 |          16 |               8
 12 |          18 |                
 28 |          18 |                
(20 rows)

